313
208
355
415
278
207
272
572
419
449
550
378
421
183
296
357
853
218
822
234
320
288
226
486
309
190
261
295
286
580
97
441
356
417
448
231
365
419
111
299
357
481
384
326
550
243
378
260
440
209
466
562
463
403
151
341
621
160
115
454
251
428
442
382
423
676
313
198
96
251
369
197
275
138
324
426
368
145
191
375
534
819
380
516
314
240
292
355
460
382
682
413
540
522
126
484
286
219
487
544
400
273
498
344
358
268
395
315
323
365
350
987
436
270
456
674
272
648
292
320
370
342
499
306
258
240
340
201
317
300
394
592
205
292
174
664
315
426
311
339
355
403
125
347
702
571
255
905
662
359
394
468
631
218
377
456
361
353
339
249
754
478
248
268
156
424
257
384
643
523
158
474
388
540
262
612
326
605
352
457
288
286
425
272
235
177
190
201
224
1677
427
184
347
299
207
274
468
518
177
175
252
285
253
339
555
287
168
201
354
256
266
286
273
241
221
251
476
504
542
422
453
204
382
328
196
256
123
292
438
199
518
166
256
230
750
355
186
357
344
346
575
156
157
659
365
592
560
747
264
601
491
358
531
281
199
433
648
184
308
277
490
282
162
315
407
233
370
230
322
266
517
413
423
315
505
292
390
408
452
269
428
496
573
307
183
258
174
258
164
402
302
415
412
144
387
213
233
588
307
148
310
338
263
373
324
397
577
239
295
224
332
288
357
237
248
509
313
413
625
244
321
339
89
535
353
302
501
380
456
260
166
243
317
188
168
243
348
268
484
259
481
250
307
215
175
321
502
225
165
382
756
198
247
91
245
297
393
99
306
460
351
335
384
325
240
323
341
396
363
341
211
322
271
451
414
227
260
326
322
789
360
144
367
328
224
226
450
263
373
429
550
376
401
544
926
163
348
346
145
174
248
362
245
287
242
545
296
396
342
286
494
382
351
509
286
262
157
308
202
279
259
259
157
375
341
384
214
460
133
408
255
436
129
252
482
289
294
437
189
578
350
237
326
220
358
741
314
717
155
359
346
310
319
372
600
332
483
288
200
448
272
423
191
110
240
215
243
211
369
501
241
283
267
206
274
548
372
426
382
133
650
335
440
432
316
308
376
154
510
286
297
233
402
556
426
145
271
309
342
305
240
271
344
494
340
265
333
142
671
836
165
394
395
218
569
421
194
467
119
221
124
231
266
403
260
453
462
341
404
201
397
406
202
160
454
375
443
286
246
630
381
272
399
218
368
273
133
453
284
221
380
368
200
307
251
335
297
454
326
320
391
400
275
224
498
262
340
312
240
249
655
235
234
282
315
278
233
185
384
251
208
190
268
311
327
394
230
244
242
384
208
523
426
218
220
425
450
163
608
680
367
434
662
420
545
189
342
448
298
341
208
364
197
221
307
395
318
313
239
238
410
166
391
233
247
356
275
298
181
431
352
423
249
403
442
422
215
227
295
330
514
246
313
191
155
337
416
290
435
392
374
1166
293
421
354
292
247
338
188
560
556
440
377
209
260
454
353
500
450
575
471
436
163
379
469
301
176
370
197
240
221
287
226
292
435
440
404
193
320
230
324
490
349
445
352
271
442
284
315
291
231
318
1255
419
430
179
228
267
215
116
420
318
456
443
454
224
664
657
173
436
339
339
500
433
267
373
451
304
294
261
510
438
466
251
367
421
237
749
326
440
111
344
232
485
239
620
273
364
283
237
232
252
350
584
264
357
432
301
566
648
320
322
466
300
252
291
270
543
513
436
478
340
274
245
326
235
429
266
231
202
260
133
292
246
339
380
270
350
470
131
256
168
320
308
521
526
451
179
342
260
330
247
663
464
326
675
367
283
262
180
269
344
318
178
290
548
375
298
249
174
325
510
153
335
315
215
260
381
342
582
350
232
230
240
269
260
272
270
549
244
253
340
360
433
479
478
148
416
311
223
309
128
375
176
319
198
498
196
188
428
364
308
236
452
299
372
198
337
477
333
415
321
348
379
494
311
357
361
351
393
321
526
300
275
546
309
376
371
303
293
260
207
369
304
258
291
448
182
274
290
571
99
574
686
154
110
300
269
236
527
269
181
494
637
289
228
332
611
349
230
425
586
421
339
474
300
387
323
338
186
311
247
162
494
189
361
271
718
128
407
465
507
180
357
468
243
256
551
377
264
274
410
402
184
186
169
143
341
303
360
135
294
477
185
520
1009
254
311
460
263
469
136
581
769
436
362
256
351
442
412
179
342
363
168
260
262
176
1009
284
307
342
377
367
190
275
334
178
273
398
259
393
187
404
480
446
334
313
282
151
276
109
215
182
244
841
415
183
423
284
218
309
397
250
373
94
343
436
308
303
341
470
325
395
283
273
208
317
270
384
165
212
371
299
247
260
251
101
407
249
308
430
201
314
312
301
171
436
321
416
129
281
364
680
572
263
182
234
131
385
384
237
607
338
155
287
444
524
146
520
254
1472
388
390
142
288
200
228
243
289
245
142
250
225
467
99
186
540
148
1947
241
358
329
284
417
258
201
297
334
844
363
598
321
314
394
161
349
323
246
266
420
202
291
299
464
222
183
348
180
406
289
397
302
203
199
391
389
290
308
352
311
434
424
550
261
325
253
286
277
174
307
243
395
390
432
458
408
390
281
426
565
267
553
383
477
432
309
257
286
485
402
401
283
523
501
284
250
297
196
262
432
372
143
689
333
256
309
227
255
393
231
531
375
328
381
256
151
86
165
244
121
381
308
338
392
318
172
262
496
201
418
204
470
335
373
336
367
385
340
355
383
216
165
170
417
317
282
259
177
401
335
158
237
493
289
262
221
381
365
430
75
410
372
479
419
413
300
280
221
321
483
174
468
407
346
302
241
320
760
383
414
626
249
223
221
411
169
336
200
394
326
577
332
246
134
273
263
242
309
297
364
437
244
295
270
422
322
346
701
278
408
407
607
424
350
402
233
538
317
433
158
305
448
242
167
190
292
268
186
322
254
152
378
389
691
346
491
236
140
239
482
396
396
211
309
590
145
238
372
346
398
644
452
685
144
435
435
254
229
156
269
107
195
912
231
311
145
469
157
406
435
631
265
310
239
322
219
437
209
441
2053
246
267
223
424
258
646
230
667
324
340
729
764
319
1947
435
151
292
571
311
688
230
206
484
426
594
609
361
376
338
250
304
273
253
446
244
205
303
532
498
300
265
179
442
375
521
269
431
231
278
353
275
321
311
578
211
286
275
395
143
527
547
332
349
523
490
376
367
325
481
271
313
579
353
590
597
336
409
284
467
481
277
380
328
844
1012
609
321
195
149
484
481
163
447
350
430
280
154
302
392
177
450
300
174
391
307
438
506
494
449
301
133
585
107
369
502
371
129
324
418
273
467
271
286
355
202
137
511
851
519
273
264
231
724
417
1601
230
120
357
414
317
172
429
311
272
262
349
518
448
249
374
319
429
271
299
491
153
259
294
253
349
232
279
400
552
453
424
287
152
312
297
563
213
255
244
281
192
430
401
751
177
821
443
177
479
210
454
558
248
278
417
112
367
324
479
364
268
441
261
324
285
407
311
343
429
354
428
382
445
205
433
464
1014
406
133
410
347
247
222
250
380
351
116
198
379
203
295
204
350
396
302
277
511
334
408
561
536
485
673
417
307
306
279
553
266
481
380
593
185
202
230
367
266
429
427
304
175
356
307
192
364
107
185
404
354
623
250
427
334
241
231
252
410
332
53
302
272
244
236
327
493
443
467
354
312
640
344
576
256
267
428
517
283
517
449
181
245
196
439
462
267
202
543
464
270
295
584
310
258
361
289
158
390
300
539
242
241
477
348
2055
242
199
250
461
355
260
379
187
926
318
421
322
415
309
217
567
152
299
279
461
236
341
226
148
376
315
417
472
301
480
304
671
387
398
242
148
331
716
474
553
407
230
196
206
1024
380
337
286
513
359
235
326
392
490
288
377
250
180
247
345
434
285
416
527
328
207
352
294
336
298
312
373
277
351
285
362
230
278
248
181
286
271
216
308
216
276
280
304
427
674
476
469
315
408
308
356
388
436
248
531
329
240
535
539
309
462
353
379
445
279
261
265
376
201
228
247
503
390
314
514
283
230
346
280
391
563
142
290
193
166
349
612
425
189
219
108
333
362
424
484
402
196
194
262
543
407
254
233
455
316
276
823
503
220
376
370
203
421
394
140
184
363
331
265
229
453
281
343
537
117
380
309
468
214
307
448
374
364
223
497
209
244
385
669
548
338
273
381
187
265
425
301
723
264
428
246
269
451
265
334
604
701
348
295
361
321
328
213
344
440
210
286
296
496
262
384
461
276
418
352
336
425
252
223
272
367
402
152
414
387
383
303
260
290
467
329
407
178
157
337
236
254
406
331
287
555
430
716
374
105
89
755
204
148
378
296
246
530
193
823
178
523
404
344
211
441
359
574
353
415
434
483
457
542
462
236
341
278
422
351
379
356
230
227
211
345
480
235
373
449
434
483
336
271
436
393
278
345
213
175
430
319
266
370
366
201
336
368
292
201
153
440
437
160
273
399
255
328
272
231
172
324
371
345
716
209
87
262
280
357
382
277
383
196
362
117
322
368
251
379
519
274
350
231
374
203
355
209
371
428
365
190
261
244
264
376
397
249
92
396
363
380
326
285
397
403
155
185
282
263
162
423
348
328
278
270
381
604
269
416
240
135
540
242
183
352
190
189
318
246
152
368
483
332
260
253
212
223
158
526
458
735
308
386
144
212
182
182
487
253
349
399
479
423
360
321
227
495
214
291
377
274
194
336
230
410
282
419
657
374
265
245
247
159
229
271
236
350
582
332
684
374
563
213
410
234
321
144
467
351
424
682
187
349
460
571
222
320
296
433
934
373
427
305
267
210
355
377
285
347
401
240
402
329
214
283
440
163
255
430
515
349
450
157
562
225
313
244
863
483
116
435
427
409
247
236
273
346
135
573
382
150
549
216
386
113
413
265
260
371
774
617
494
451
210
322
316
269
586
243
253
327
611
203
330
232
504
266
103
403
151
431
201
359
298
474
267
232
401
95
550
372
343
383
399
446
323
189
512
161
330
452
560
315
658
391
467
247
288
440
275
208
284
429
422
428
496
629
419
433
297
169
467
136
288
207
245
418
159
515
527
345
280
165
564
343
431
189
463
479
302
486
246
223
252
422
170
450
412
314
219
257
509
381
500
689
389
260
475
152
287
182
311
361
423
183
386
429
319
349
702
313
376
300
411
350
360
125
251
170
230
199
291
291
348
320
454
502
278
451
220
325
531
296
251
250
279
335
182
216
334
764
390
460
361
239
371
365
159
621
318
481
292
278
553
397
854
771
279
323
245
101
319
427
396
436
427
375
200
256
378
387
450
682
265
217
215
345
483
420
317
290
571
159
238
646
349
410
469
287
361
224
142
564
668
316
118
200
488
387
479
294
254
208
237
148
114
927
362
212
611
517
176
348
305
254
288
401
356
181
400
302
238
196
99
230
440
240
214
349
198
304
380
342
433
185
259
181
352
414
284
377
490
162
156
260
384
424
775
576
385
287
558
389
241
188
404
417
292
313
184
398
700
282
427
851
323
119
450
237
302
239
397
265
292
750
136
229
553
124
311
410
442
315
366
286
350
341
186
452
512
521
278
492
551
249
448
449
196
186
228
175
261
128
341
75
188
280
649
532
172
351
366
373
193
496
229
502
358
216
164
238
393
284
363
233
442
375
225
195
505
185
335
563
499
301
751
333
436
281
197
333
619
278
247
245
375
123
263
149
505
216
147
426
406
285
278
127
347
303
192
492
254
605
466
238
679
504
247
350
471
323
299
302
250
443
505
286
290
498
354
426
252
301
213
479
329
110
427
233
446
427
233
541
404
473
472
597
457
337
261
208
335
311
374
358
228
254
370
365
221
368
150
240
290
415
520
695
270
507
612
347
492
237
354
329
188
221
353
320
260
556
355
302
255
398
241
128
269
144
309
298
363
1679
225
630
328
335
276
340
492
334
259
84
380
353
104
370
749
295
396
471
502
365
190
294
418
129
597
311
505
581
331
290
257
1024
614
361
317
379
232
367
452
232
450
344
431
303
412
147
472
381
670
519
183
221
245
226
225
312
421
296
310
293
362
267
467
967
276
268
307
360
432
300
210
333
506
166
470
746
520
244
540
394
318
396
331
296
212
396
466
347
448
452
618
358
826
242
160
224
325
411
401
341
196
493
330
239
344
329
319
199
395
310
193
244
390
195
303
497
429
152
258
431
226
1051
197
544
327
148
252
277
279
364
388
559
303
255
270
201
453
227
238
391
245
494
435
220
205
164
239
414
223
286
505
287
345
266
347
215
260
216
354
295
259
220
440
574
306
235
395
255
334
392
356
245
178
219
381
551
510
441
492
150
306
370
850
361
307
89
553
323
311
545
361
120
286
242
335
466
254
433
624
388
218
216
277
437
189
317
372
339
235
148
318
363
407
516
321
642
338
293
459
107
502
290
239
577
240
296
183
345
552
421
323
239
266
230
287
271
719
272
272
175
467
243
328
610
436
309
429
182
559
423
427
518
211
482
300
273
167
281
316
285
288
479
217
245
179
211
407
440
537
224
518
350
255
676
507
409
384
309
369
326
192
211
564
548
301
153
130
398
429
254
150
202
310
438
269
196
646
554
279
550
1492
149
357
469
231
393
636
439
401
289
239
338
357
332
479
256
164
394
314
327
396
242
366
579
196
304
682
270
249
508
449
515
397
308
332
350
173
253
268
417
382
354
146
325
435
361
316
109
343
239
226
158
196
201
125
335
270
319
380
247
555
277
109
193
253
492
358
145
346
270
220
456
615
244
819
264
343
137
290
106
303
247
313
537
436
533
257
328
442
473
302
402
339
192
218
527
172
411
622
168
356
449
536
452
143
167
123
254
329
543
315
380
336
190
182
426
511
289
441
284
322
422
443
361
384
552
213
507
270
441
301
308
264
293
351
244
244
357
337
268
242
492
228
202
450
247
446
227
420
252
372
545
297
177
400
300
423
361
439
316
335
403
329
363
199
190
374
156
281
323
181
447
193
279
408
529
365
514
251
341
264
417
371
283
261
287
289
264
234
785
132
288
219
260
264
360
337
428
204
565
469
217
387
351
347
372
343
341
266
279
485
295
562
445
199
295
255
269
426
195
399
297
202
438
358
342
118
231
367
262
110
302
317
362
159
501
328
381
495
355
341
520
376
291
337
509
316
286
232
342
347
330
476
276
373
464
394
300
279
245
225
784
317
350
286
310
246
662
314
371
305
253
464
473
471
478
417
357
463
340
297
297
352
210
298
480
444
208
309
267
380
313
241
151
537
252
861
296
271
317
311
290
277
184
369
546
448
277
376
188
181
218
415
318
163
267
276
378
228
299
444
494
219
259
467
194
229
489
295
403
264
283
298
350
322
495
497
275
222
217
322
379
397
312
171
377
451
415
215
217
183
201
285
408
304
211
518
379
484
315
339
572
313
376
550
275
244
400
469
336
440
264
405
421
337
234
378
289
285
196
210
347
555
431
354
104
257
540
292
249
303
258
276
339
234
412
522
414
307
237
363
501
464
164
386
470
254
377
724
762
433
293
112
371
659
295
332
937
724
323
390
552
297
423
478
312
234
412
439
225
248
230
374
426
310
227
593
384
390
189
322
297
343
251
181
506
244
225
180
928
767
662
330
286
185
247
399
435
333
238
308
694
791
240
617
234
168
375
264
665
284
408
257
317
383
120
255
132
382
359
400
396
319
278
408
476
284
181
168
299
238
228
318
154
335
131
185
547
331
228
218
339
261
259
356
186
305
287
277
289
441
270
390
246
107
205
328
298
301
398
487
764
207
198
288
293
481
699
288
373
94
194
230
271
283
405
327
390
462
676
385
455
384
503
226
168
327
320
186
271
222
327
247
393
323
232
228
349
330
379
268
467
451
367
286
921
293
371
361
480
192
330
475
176
160
690
208
415
403
241
309
159
144
271
196
273
291
657
690
292
272
154
278
509
262
407
412
404
478
467
395
390
429
282
321
344
331
289
212
350
420
351
364
177
359
254
250
630
208
584
405
308
230
419
450
219
360
259
218
378
400
286
212
391
367
341
678
231
327
234
310
261
423
332
485
665
264
268
473
327
258
252
615
214
451
253
284
201
463
265
234
505
268
391
476
281
311
152
576
202
466
516
170
844
309
392
350
307
560
377
286
245
436
270
484
290
346
273
264
276
87
291
374
364
604
150
251
350
570
487
237
345
564
352
493
214
423
202
383
74
405
548
246
427
188
443
188
416
197
259
179
216
386
272
172
294
380
472
238
246
80
144
407
1350
588
225
448
262
144
247
354
238
249
476
298
503
542
280
595
683
498
359
242
692
152
432
466
273
524
465
440
380
395
260
264
335
592
221
1254
604
223
173
303
358
301
430
282
371
932
186
366
230
234
213
426
167
340
216
398
264
279
547
293
294
348
296
265
244
175
242
335
245
279
233
374
340
422
243
307
614
355
253
316
176
436
555
239
342
460
365
493
277
223
406
247
368
305
226
368
218
406
572
371
188
202
255
390
207
243
306
330
200
448
300
202
408
567
245
115
218
364
283
662
334
751
400
364
148
534
278
506
319
249
286
145
327
562
290
112
448
384
527
416
347
262
513
430
382
217
343
298
294
379
393
209
424
253
202
315
232
346
279
219
137
396
361
649
278
318
381
411
275
330
318
550
199
248
371
344
270
326
363
469
272
373
379
358
211
289
264
587
198
413
162
264
227
405
319
425
306
458
332
257
222
174
242
484
326
288
508
420
316
199
197
434
318
341
534
498
224
458
178
356
494
655
380
627
572
301
374
354
388
317
466
230
252
395
311
158
530
149
270
552
265
334
291
273
204
170
430
597
403
270
281
563
146
277
1472
270
223
768
188
563
603
315
432
570
397
299
374
238
416
273
323
350
359
700
528
310
308
524
258
378
181
750
296
342
433
351
305
325
277
122
332
390
79
347
226
371
286
199
218
518
287
379
199
349
414
208
151
751
342
318
260
300
905
325
297
243
352
414
253
248
337
304
350
248
458
352
165
364
259
223
535
314
133
190
259
424
202
239
562
431
207
428
257
376
289
329
461
254
446
401
279
139
669
357
326
137
274
479
360
315
166
135
663
446
264
396
363
321
238
422
315
474
318
174
453
377
419
384
241
127
300
420
542
137
146
388
606
423
424
284
270
375
267
369
349
675
249
165
325
292
346
387
383
303
249
96
299
240
231
302
246
558
445
473
161
357
59
322
502
455
445
339
197
421
308
434
394
109
493
166
225
361
383
488
267
161
222
830
381
512
203
382
257
400
253
454
290
379
697
241
289
154
377
402
242
303
417
322
227
371
123
498
92
291
821
250
478
446
391
463
272
330
487
293
687
406
401
473
323
489
456
418
451
273
302
657
279
272
479
297
428
311
636
257
231
431
287
352
278
721
370
728
233
351
383
473
306
302
319
295
476
394
289
383
360
280
436
367
179
376
411
133
341
303
388
268
397
550
967
274
585
374
341
293
198
325
247
308
219
307
309
343
423
268
285
192
272
571
268
215
169
306
267
540
283
242
307
168
425
359
228
425
433
311
432
315
188
215
369
152
227
345
515
165
750
288
241
490
616
280
345
463
223
225
422
257
319
336
395
402
272
348
359
298
760
354
482
444
242
495
357
300
513
142
533
381
214
325
327
178
253
342
305
271
224
398
351
240
110
298
191
344
416
249
577
148
272
250
243
223
251
462
273
442
345
292
284
236
556
243
410
300
205
345
788
375
362
512
350
488
397
320
272
256
259
433
304
242
436
310
280
310
271
258
322
129
210
104
283
301
852
368
219
382
376
373
106
220
433
667
264
258
485
225
361
360
429
406
240
383
226
313
423
298
382
274
580
312
186
444
253
438
226
321
184
407
178
429
449
482
220
426
388
186
365
393
294
300
565
315
370
420
296
453
329
170
251
252
255
166
179
563
337
426
208
254
391
326
550
325
270
292
334
485
657
413
343
253
372
654
803
621
491
398
422
317
244
309
439
442
295
242
298
327
193
289
345
1606
422
424
266
173
442
311
64
239
381
255
303
466
311
405
244
547
264
272
534
320
541
540
568
720
358
319
247
285
844
385
418
178
282
411
338
238
296
323
433
316
506
477
230
231
450
357
113
404
341
471
270
229
623
324
252
266
589
380
414
417
267
329
268
308
420
419
332
687
290
405
388
503
325
439
146
191
272
299
400
412
249
375
413
224
426
360
244
430
248
384
554
312
401
501
472
236
386
303
229
338
575
233
243
287
181
266
242
318
140
367
426
369
337
221
221
520
253
243
315
471
455
211
303
229
268
316
229
100
367
280
382
311
375
209
145
547
370
192
462
224
652
356
342
372
367
197
301
259
151
382
551
352
218
312
402
253
323
181
384
333
862
265
347
317
168
350
288
450
396
405
304
231
192
169
164
84
178
263
187
314
109
357
303
702
331
286
414
247
647
346
258
304
441
390
404
282
568
224
371
268
386
332
541
339
332
302
505
217
473
462
386
335
421
336
495
335
404
538
688
442
265
190
400
317
614
253
154
185
238
130
337
314
256
190
361
497
265
384
398
278
456
402
393
352
163
505
381
287
532
233
322
191
295
263
519
354
251
587
362
272
593
287
581
378
330
480
370
232
406
283
446
180
470
415
306
466
388
265
203
271
266
495
163
556
481
113
431
525
267
228
299
520
178
287
499
160
415
245
286
281
356
391
242
251
340
342
384
119
172
259
305
305
293
270
343
182
629
214
434
359
577
272
411
374
266
429
435
508
483
223
446
318
319
646
302
236
375
300
285
555
683
384
442
257
230
120
193
233
281
168
228
446
367
475
354
335
254
267
442
274
450
596
524
394
280
304
238
368
349
173
268
259
614
453
204
192
296
151
345
390
281
353
314
834
438
501
374
346
248
246
399
426
236
298
419
330
217
328
257
306
319
309
272
234
321
335
419
491
288
265
395
212
182
227
440
307
352
228
349
555
255
285
220
158
319
343
301
353
278
110
308
181
233
454
372
456
167
357
369
308
224
359
362
291
276
422
345
260
340
248
321
298
429
351
297
214
330
151
413
395
453
172
227
295
730
209
321
202
350
646
252
491
194
458
291
352
293
292
642
390
287
441
495
450
311
469
331
252
205
181
307
359
292
346
133
322
290
329
401
771
260
271
402
467
404
335
351
405
314
371
306
247
336
207
359
112
254
162
276
270
324
675
333
307
155
411
266
283
353
268
388
482
430
271
309
509
274
99
447
160
144
190
208
426
164
186
291
551
354
247
468
421
492
349
439
230
193
290
161
252
266
268
312
337
278
270
388
297
301
417
261
242
286
333
464
158
323
551
785
677
399
438
434
386
166
430
515
271
259
341
344
592
256
217
507
426
270
315
388
490
511
428
433
618
324
322
303
415
245
160
637
450
371
281
481
438
286
512
287
975
404
440
154
184
462
392
156
293
321
336
452
222
200
310
236
750
354
609
454
575
396
331
360
473
558
415
249
341
322
266
318
303
426
204
340
345
272
631
248
247
458
367
350
400
448
187
313
353
1479
311
280
670
194
369
308
280
489
553
256
479
234
420
337
328
318
295
212
140
481
484
101
622
497
259
283
289
206
701
432
315
389
438
446
327
317
280
221
415
415
145
388
316
324
288
2052
215
215
296
274
166
717
219
267
471
197
300
218
289
265
160
502
408
315
293
272
574
114
397
271
607
373
279
378
376
313
169
277
333
222
542
305
370
262
349
325
349
475
656
302
158
138
354
267
330
247
466
402
550
478
158
344
462
552
224
355
354
396
393
299
284
290
358
311
773
451
401
534
401
561
277
265
153
417
335
402
212
382
506
152
195
196
696
419
398
303
495
622
233
294
176
287
320
99
210
631
316
261
426
214
258
383
397
308
496
467
475
166
245
217
267
475
390
523
282
370
357
329
232
272
416
358
174
132
224
433
474
235
486
325
121
355
505
411
402
270
571
409
301
484
380
367
145
357
355
250
347
116
327
302
272
228
365
510
302
544
274
239
408
275
186
452
246
315
160
475
306
246
273
572
217
283
308
559
309
303
393
139
216
259
401
295
223
239
377
551
401
411
383
353
332
586
309
444
679
347
510
637
285
540
401
295
165
423
304
257
279
305
269
242
311
558
274
297
268
481
271
141
229
285
162
287
213
271
398
200
449
358
485
485
239
577
359
472
170
500
104
227
199
315
312
268
521
347
377
657
148
187
403
393
372
495
751
655
404
677
525
248
348
418
522
483
341
334
365
306
626
425
245
705
214
473
375
206
445
311
664
303
263
648
296
276
221
418
373
271
285
371
403
266
397
380
391
297
298
258
146
469
389
617
453
415
437
368
250
399
217
146
314
287
307
315
320
206
824
332
164
439
285
311
740
289
399
604
253
383
267
261
168
168
252
303
179
680
207
520
873
334
262
366
230
334
274
382
416
378
532
246
320
195
293
375
266
581
519
277
270
454
286
296
287
305
667
353
142
367
427
222
303
176
380
260
359
236
192
134
376
294
718
369
284
466
280
289
202
102
280
924
494
254
264
297
255
267
270
329
330
299
253
359
359
289
490
270
299
433
587
547
214
246
161
235
565
389
616
325
375
165
258
524
663
311
261
329
90
300
348
252
291
243
207
346
640
289
298
455
390
196
215
277
286
274
194
448
221
297
404
358
863
427
293
452
336
207
140
532
347
241
213
621
477
558
436
240
339
197
164
364
276
348
645
182
335
303
203
189
193
238
278
627
596
347
330
288
150
261
434
270
370
241
499
453
227
241
308
427
435
641
397
333
193
206
449
589
384
196
1473
270
473
185
237
253
248
587
357
319
361
250
241
343
173
253
257
386
544
264
423
375
195
272
215
272
292
452
550
294
359
381
420
373
188
371
145
205
404
312
416
350
377
412
253
56
573
145
313
389
116
456
383
340
408
508
272
388
250
651
255
397
601
309
358
549
181
390
402
393
771
429
430
282
360
381
264
368
919
277
583
351
416
263
266
265
315
311
347
680
325
486
349
629
253
192
252
487
179
319
326
320
205
459
245
306
283
462
506
453
333
701
272
303
223
506
126
205
521
259
391
1354
452
305
422
268
292
373
300
196
377
347
339
174
152
382
445
654
519
256
262
285
393
234
282
257
276
384
533
468
301
357
326
276
189
217
399
359
251
442
233
269
394
331
262
319
494
276
226
174
213
334
333
484
403
324
577
196
258
344
252
488
289
246
260
316
183
538
124
339
232
211
387
165
224
185
141
321
448
203
202
242
272
497
455
249
752
201
630
357
122
307
317
320
408
263
375
244
483
277
693
200
329
374
130
285
323
282
283
524
354
388
158
305
291
307
477
378
130
674
556
303
329
291
166
445
266
240
241
1067
450
391
305
406
1256
293
276
166
418
265
217
321
328
407
450
221
162
575
325
515
253
223
306
277
214
515
260
148
355
265
402
426
322
375
404
243
200
570
159
364
444
399
329
411
310
283
257
289
179
483
325
422
316
515
319
297
126
198
287
376
354
175
681
305
281
273
507
433
456
266
139
289
335
306
282
98
308
269
320
506
477
674
443
259
222
231
440
198
160
581
637
493
283
315
199
307
408
180
303
274
340
420
446
330
316
567
304
292
359
327
349
491
377
255
236
252
271
110
442
242
384
223
244
330
287
267
317
296
302
265
315
346
269
154
154
489
201
279
249
159
324
387
137
308
186
340
269
381
216
452
463
239
319
511
266
154
488
297
259
205
159
125
348
493
215
289
186
387
857
407
428
258
322
199
424
346
549
156
216
179
438
97
137
311
411
382
425
285
309
223
160
447
225
310
451
467
975
128
230
160
502
134
549
95
371
227
397
145
498
214
268
130
204
247
407
838
415
422
370
248
585
358
332
423
198
453
458
422
606
267
186
50
229
260
336
307
414
371
229
312
205
1668
469
320
233
331
492
221
374
288
263
211
263
260
559
453
435
273
329
157
446
308
408
415
568
252
564
443
241
313
279
526
534
311
527
214
1952
473
503
343
362
423
448
268
172
268
379
338
284
236
363
148
261
318
507
369
581
136
318
469
330
352
347
281
380
363
250
351
362
453
249
303
404
363
267
293
234
1166
551
215
581
385
266
357
331
278
235
245
360
213
412
190
372
330
369
534
457
443
289
165
141
318
203
434
330
279
453
170
518
213
316
365
352
257
405
116
239
358
275
278
380
331
217
453
84
605
353
375
274
422
227
379
381
186
183
407
232
265
176
272
308
486
414
421
574
197
355
259
310
398
603
265
480
353
323
410
185
344
552
399
317
236
380
348
262
315
229
284
325
270
162
599
297
179
505
476
402
309
262
773
229
161
225
528
122
569
136
399
383
251
487
348
306
300
294
238
491
193
401
309
557
200
420
193
249
547
239
279
629
211
317
309
149
145
453
369
642
113
259
260
346
438
357
367
226
478
210
104
921
217
446
577
313
617
278
313
220
518
99
449
432
388
298
399
558
422
299
162
271
520
364
256
145
503
148
436
369
305
465
196
471
395
549
232
394
213
162
720
503
530
159
299
188
491
307
346
274
341
285
343
367
188
201
453
232
500
245
392
189
226
315
221
498
358
308
582
269
402
484
242
298
391
682
191
477
232
360
315
294
438
309
262
270
265
418
539
273
158
467
477
208
224
386
243
354
324
390
283
186
378
297
406
334
228
159
498
149
329
389
228
177
257
315
172
258
850
596
411
453
553
297
422
308
634
342
210
200
267
375
322
215
504
403
453
634
245
247
326
241
527
480
445
422
358
252
505
496
231
214
421
163
418
238
425
345
485
352
304
491
274
451
248
355
782
273
342
363
503
319
911
230
442
94
292
503
431
424
342
2054
168
340
411
287
267
345
551
196
204
263
216
400
332
256
482
641
429
294
441
544
402
311
223
344
379
400
362
248
382
337
255
435
378
449
205
753
679
287
281
355
196
446
416
840
312
278
428
318
347
412
266
415
409
186
549
321
326
299
256
349
553
287
435
376
342
157
304
285
264
426
231
413
429
417
522
488
271
261
211
462
313
447
259
486
436
613
226
257
442
214
121
363
191
149
197
267
617
477
362
337
354
269
197
200
349
387
236
420
160
560
298
415
254
273
311
476
355
446
305
633
252
381
319
161
249
523
527
267
188
333
171
375
402
355
267
221
359
173
358
407
462
305
473
419
441
253
302
221
337
336
287
187
396
278
396
453
270
174
287
514
157
276
410
252
92
366
196
117
375
300
320
233
367
230
207
610
270
216
275
220
854
384
208
451
407
274
518
262
389
200
506
252
368
411
169
469
419
337
371
142
90
340
69
268
219
441
198
265
828
103
298
297
484
248
97
256
264
186
129
355
327
151
629
325
133
410
145
216
593
505
164
96
554
478
252
478
283
318
460
421
240
123
495
190
434
518
570
360
239
315
307
248
430
401
297
318
559
324
382
306
178
246
484
208
267
453
281
298
457
185
367
447
431
290
221
266
373
371
316
405
158
509
344
494
418
369
694
404
259
342
226
615
275
193
288
447
181
138
232
588
297
429
264
462
488
267
439
215
345
323
323
431
235
213
325
234
256
393
545
469
398
236
206
281
266
584
369
254
225
231
373
446
391
207
260
237
315
254
475
359
503
290
480
148
430
389
326
457
308
341
637
347
315
455
372
142
386
279
228
384
239
88
301
227
247
309
178
311
534
284
416
921
451
247
268
686
297
572
293
237
318
313
355
121
255
547
216
382
296
311
304
421
283
222
226
359
300
374
236
275
141
968
266
296
292
73
338
400
212
325
321
358
412
292
336
216
324
123
338
438
492
521
562
239
281
247
359
264
275
336
243
391
534
278
359
542
348
463
929
193
223
254
294
123
258
239
164
423
552
145
309
298
712
298
664
374
517
346
256
291
375
377
344
156
335
296
233
774
439
634
246
289
192
293
370
351
347
370
424
171
265
148
421
371
397
389
376
460
407
284
297
179
145
353
307
295
294
199
145
124
281
641
159
349
433
241
250
287
433
496
146
412
503
125
447
170
303
343
287
407
646
169
367
436
133
247
355
479
337
340
231
560
408
254
222
423
300
299
277
464
329
380
269
343
315
124
252
306
331
310
314
322
341
489
276
129
300
339
203
377
515
288
378
206
466
212
436
330
239
307
175
299
260
334
193
303
203
782
247
606
395
374
380
324
677
305
159
390
200
285
345
356
364
400
863
333
320
243
292
329
408
856
328
398
346
244
666
359
226
259
300
288
562
243
338
610
214
352
239
451
357
349
189
297
633
95
530
248
193
383
496
334
295
251
345
273
340
273
359
280
299
454
341
385
512
588
323
249
159
409
348
145
278
292
304
232
442
310
191
177
260
369
354
383
267
412
720
352
358
391
245
342
447
247
347
160
298
435
321
148
284
642
378
756
182
270
335
368
474
503
453
296
177
491
369
439
401
454
408
104
629
283
127
384
470
677
282
420
371
231
127
201
486
160
429
223
67
345
356
178
424
480
196
655
467
316
256
523
185
645
559
514
208
359
306
474
326
288
218
286
398
182
277
286
147
293
280
267
282
170
585
609
314
373
196
266
676
349
239
523
355
416
213
393
366
278
246
246
94
170
314
482
323
384
292
119
155
176
451
542
312
619
352
299
231
310
386
261
297
403
164
488
157
318
215
196
116
168
439
278
215
257
439
264
285
466
387
397
289
373
485
674
375
457
351
610
469
149
521
518
708
690
318
144
329
395
368
270
383
500
425
170
273
472
310
400
249
319
310
341
327
285
300
355
386
111
249
411
271
696
572
315
630
195
117
244
254
546
192
332
217
544
731
382
382
385
663
325
426
327
240
157
92
344
340
438
264
265
240
131
182
293
608
369
282
604
818
140
250
246
237
200
478
925
307
267
682
260
687
155
350
333
828
343
393
230
282
341
193
432
455
238
405
198
381
193
231
266
385
606
291
255
484
334
351
326
467
504
450
219
336
287
349
357
159
404
824
339
264
377
410
187
691
677
515
377
402
193
296
201
381
390
517
448
507
462
242
292
430
376
312
327
279
347
382
272
260
251
230
307
404
496
981
365
369
613
301
338
244
304
342
303
415
305
274
450
151
624
491
374
270
266
547
196
478
315
275
288
260
448
426
516
246
214
347
507
379
267
262
226
331
444
316
496
347
319
714
363
300
300
246
284
243
410
432
295
365
389
601
422
386
466
120
587
406
285
228
573
616
377
438
318
624
424
128
363
233
325
483
252
362
233
171
304
418
274
370
343
967
324
279
395
387
246
570
538
491
340
317
138
291
432
233
213
391
237
371
297
457
331
557
376
208
439
264
203
218
188
577
383
246
358
221
349
352
336
682
161
213
282
295
376
553
418
144
512
235
396
464
480
288
232
462
381
246
264
223
349
285
422
368
316
318
527
526
244
584
527
149
525
144
549
146
638
422
269
694
555
439
266
175
266
378
275
279
616
240
257
297
538
277
277
272
533
309
423
489
288
271
364
417
441
274
571
247
190
555
432
300
651
618
368
394
395
205
764
452
328
481
301
402
407
721
280
270
253
131
380
457
859
368
217
142
286
257
338
325
475
423
243
485
268
356
182
478
480
482
384
358
290
452
257
184
234
371
397
326
303
403
413
581
283
262
237
211
428
408
238
259
547
263
476
449
131
359
344
302
358
355
485
370
284
154
573
384
485
666
535
335
419
419
673
201
196
365
389
295
205
127
305
798
266
214
387
190
408
239
400
440
436
524
252
321
458
320
135
111
436
163
525
149
333
384
354
327
435
211
198
678
389
297
289
469
415
220
393
336
275
240
398
239
244
425
427
362
232
191
454
431
394
425
147
182
316
485
423
273
231
372
253
205
485
126
264
351
161
449
186
246
366
366
271
366
176
300
456
590
267
238
507
255
361
514
272
258
197
406
556
199
811
277
511
244
451
319
233
228
221
113
275
172
134
478
277
334
289
406
132
355
333
317
282
249
430
404
192
385
401
400
192
296
279
332
307
247
321
507
827
433
309
287
340
411
368
346
412
292
300
423
223
331
429
332
189
147
286
640
291
272
437
218
612
641
505
110
273
479
263
278
305
334
262
393
444
255
427
148
219
253
240
305
521
223
337
564
689
455
741
256
238
448
201
285
128
353
204
432
228
255
405
344
270
459
419
255
231
370
368
240
703
234
285
207
309
96
500
267
264
195
318
346
410
221
352
224
201
401
323
570
172
263
206
265
387
176
240
307
251
274
315
246
454
228
524
325
287
830
344
258
418
342
426
521
223
377
247
209
119
301
463
238
486
196
488
337
211
225
498
451
363
443
212
963
414
336
498
498
398
516
309
101
311
292
490
220
404
303
391
274
505
203
210
560
360
417
486
211
436
365
343
120
281
410
446
324
324
486
254
823
306
635
386
389
391
384
461
277
227
246
497
404
361
269
216
281
579
374
311
1963
392
258
309
273
181
484
97
429
227
376
267
312
274
220
539
146
261
423
89
377
628
488
438
350
483
197
285
834
250
201
437
249
388
297
524
356
313
292
247
211
311
364
251
475
347
423
380
829
490
368
378
456
388
268
199
257
193
240
426
398
555
503
270
552
664
196
347
202
318
360
360
198
266
756
814
246
288
480
227
285
284
434
376
370
432
286
340
189
329
277
273
265
254
394
252
104
276
491
306
185
275
224
581
376
293
673
264
507
223
289
369
591
231
372
919
493
259
451
714
436
268
470
374
217
363
249
379
424
278
259
363
345
464
231
207
384
418
546
298
175
489
194
545
343
597
346
492
682
385
350
302
443
437
243
930
281
173
224
253
676
265
264
161
501
345
230
526
462
284
248
570
249
328
226
414
278
329
509
320
119
342
530
279
193
383
492
486
332
343
253
301
278
372
468
484
716
183
302
447
258
182
239
443
325
280
590
300
414
115
487
531
316
311
432
211
273
374
215
410
395
206
308
450
130
257
318
370
232
443
111
696
382
264
495
404
263
266
426
571
446
182
327
546
428
404
281
487
545
380
367
300
311
263
368
235
425
228
193
356
202
314
696
175
389
292
230
364
323
425
304
250
351
393
436
264
382
427
246
380
350
309
276
380
275
161
322
493
242
292
198
587
307
274
317
438
266
346
285
593
234
246
256
216
438
254
292
483
311
546
223
477
293
258
383
1489
331
308
228
75
208
224
659
298
106
275
403
388
687
407
227
455
158
385
276
293
332
325
430
265
273
376
293
426
372
269
192
630
288
419
216
236
288
350
482
235
545
365
319
229
478
399
477
356
278
295
345
266
467
401
353
366
286
425
464
444
235
249
337
290
453
287
359
474
444
275
290
283
935
169
239
325
222
461
576
510
416
398
419
680
301
359
448
488
408
375
270
215
302
257
221
527
323
318
548
129
482
545
605
549
154
145
289
224
324
971
339
330
553
350
436
274
407
347
376
261
296
262
428
402
241
270
387
417
345
278
218
498
271
315
585
374
461
195
414
293
382
365
548
394
313
341
191
401
311
317
433
319
422
281
847
251
409
252
783
312
363
359
292
314
306
421
396
702
305
680
385
611
296
302
268
259
355
239
288
380
422
447
219
338
571
194
341
298
129
358
275
749
305
277
337
267
258
398
231
118
360
96
117
317
305
435
146
717
115
517
261
342
455
183
142
347
469
259
377
381
294
374
287
242
308
186
319
218
384
145
342
365
253
421
271
360
263
436
199
208
297
597
281
199
310
403
190
229
275
682
346
255
586
240
261
389
318
323
246
458
238
559
393
201
194
447
288
480
375
146
221
405
280
768
254
264
199
290
546
289
337
219
380
295
340
188
161
614
211
321
232
462
235
285
270
224
222
216
296
465
259
166
455
456
334
550
370
626
357
446
145
171
266
355
367
363
288
324
583
478
336
682
378
266
300
196
220
332
417
173
329
321
308
403
256
413
529
213
266
140
348
291
236
395
284
393
549
418
205
117
361
257
146
140
237
349
589
471
390
422
191
252
217
220
500
404
245
501
412
534
232
318
289
353
593
398
308
339
348
252
205
196
268
230
503
232
408
453
435
301
329
437
617
310
349
535
356
366
429
303
309
348
248
341
522
402
113
643
435
334
221
341
178
242
202
509
222
492
435
381
133
394
325
258
468
302
85
413
357
269
316
325
404
359
255
209
272
432
297
315
278
355
169
178
490
320
319
288
240
271
341
372
247
476
471
277
350
426
216
1477
208
757
321
593
605
719
206
487
321
297
372
243
470
403
382
350
270
290
262
227
261
502
152
413
182
300
545
535
389
288
204
247
291
223
425
260
421
187
366
242
306
500
454
285
475
532
432
369
198
463
251
482
214
618
222
283
296
314
388
195
334
391
312
295
274
199
675
533
426
239
216
419
1354
410
169
561
298
276
282
286
282
292
296
143
315
834
204
210
98
289
414
353
556
421
158
146
337
350
173
313
381
336
242
397
331
2060
280
260
190
266
619
562
140
583
186
113
237
372
252
365
273
319
366
259
360
286
272
194
186
238
303
288
680
99
196
505
199
278
326
370
327
362
526
842
371
188
358
213
255
283
329
259
504
137
430
375
360
449
183
378
285
264
323
312
283
365
365
428
708
389
466
566
241
283
131
417
216
128
248
252
456
369
450
334
368
436
255
282
410
519
1248
290
165
259
406
398
329
550
327
293
277
492
265
539
488
167
348
540
333
403
485
410
361
392
224
242
565
257
176
270
487
371
258
338
270
432
170
423
370
281
418
120
264
273
262
294
283
201
440
235
319
242
218
402
655
122
272
919
165
383
270
277
360
285
403
297
277
272
424
254
111
56
250
190
371
193
426
375
382
389
183
325
143
327
194
345
219
261
457
349
250
411
400
304
359
230
282
245
281
263
296
298
547
395
212
490
234
180
290
138
398
395
381
360
149
276
528
278
370
44
242
331
321
112
444
191
434
362
176
478
612
408
114
386
474
150
437
258
246
333
572
613
266
400
930
300
372
370
311
336
466
543
575
439
753
378
418
298
936
370
461
123
505
372
431
372
233
159
263
233
231
290
286
429
297
188
199
189
260
397
816
234
199
206
429
556
335
281
556
312
409
261
380
286
847
485
450
306
277
673
398
163
232
245
459
191
272
294
375
327
247
220
845
245
259
525
267
546
590
287
407
72
192
346
653
264
392
469
445
478
223
264
430
396
457
342
417
273
192
237
259
271
358
219
234
226
210
362
342
372
218
289
355
212
756
562
408
481
336
298
317
246
252
291
311
356
246
160
524
456
268
286
468
285
230
349
294
293
120
115
480
398
217
378
218
273
383
609
482
261
705
245
318
346
592
192
479
125
354
349
553
239
333
332
302
288
265
157
256
347
499
340
323
359
163
708
521
236
280
372
259
179
223
124
652
259
311
414
160
344
211
389
668
521
505
91
665
205
409
317
522
363
478
677
292
195
470
517
386
423
477
433
369
238
288
203
216
106
356
113
297
259
532
285
290
502
415
215
360
334
315
113
463
503
367
421
337
264
297
288
374
250
494
195
171
360
517
407
180
352
447
394
201
330
194
231
688
408
465
326
203
286
276
216
318
184
256
270
266
420
299
176
364
264
495
458
263
370
462
842
350
283
511
270
263
134
449
262
160
215
278
234
209
418
343
179
289
251
545
189
500
555
181
616
268
559
486
624
410
127
456
462
256
415
500
353
827
227
431
348
350
235
702
255
452
194
705
314
341
240
315
255
86
374
244
356
534
394
131
162
520
205
282
689
354
382
262
146
478
159
261
322
377
239
424
302
385
333
427
322
392
282
147
199
364
209
411
205
165
141
447
821
420
536
462
396
563
342
258
213
223
325
396
300
256
268
339
250
380
388
357
217
423
811
214
616
254
543
367
419
251
436
320
731
450
514
339
312
336
301
329
231
263
439
277
564
292
531
286
423
292
549
340
346
391
255
271
209
193
586
213
318
362
272
318
314
177
321
436
483
378
393
159
333
389
622
377
429
570
238
383
245
572
420
508
397
390
233
336
501
514
162
377
461
234
249
410
496
271
273
293
299
730
350
339
342
704
939
350
294
919
311
501
387
224
240
329
264
210
327
664
172
651
378
238
262
119
359
236
514
270
364
459
521
158
220
302
257
220
420
244
488
85
312
333
335
104
411
311
280
250
433
247
311
198
587
651
441
230
266
110
295
189
614
345
360
346
248
393
544
219
156
491
396
653
135
101
243
285
542
553
206
273
370
477
494
290
203
219
501
307
289
376
168
297
538
218
311
651
192
570
271
128
227
373
573
394
377
554
368
381
281
331
315
366
187
377
306
121
231
378
498
513
152
493
354
380
238
443
588
339
144
312
391
258
442
318
493
716
255
161
270
285
619
344
288
340
313
422
231
364
286
449
580
375
284
356
247
267
479
299
149
295
451
333
458
287
289
555
313
563
243
231
517
553
661
225
249
436
244
138
187
313
260
539
120
668
263
245
485
243
298
136
351
822
308
635
254
336
191
168
283
318
240
200
421
468
422
276
411
482
211
368
248
248
155
280
234
310
866
419
312
307
266
341
371
371
372
511
321
573
304
313
276
640
366
233
245
377
376
153
448
399
547
284
272
375
265
382
234
242
268
476
815
774
397
225
364
227
212
421
697
238
822
236
407
414
504
351
345
488
367
317
157
459
415
335
340
354
271
312
644
335
346
260
466
173
468
228
247
381
342
314
302
306
155
309
350
261
160
473
258
277
229
451
89
246
333
529
426
270
229
397
223
361
289
49
282
150
297
222
341
219
401
204
540
439
496
682
499
214
310
281
432
333
405
353
227
409
381
430
251
331
163
357
268
287
402
347
203
159
192
284
259
261
214
330
276
561
323
192
402
497
177
122
363
265
400
326
302
285
291
456
186
395
342
560
264
381
295
237
295
320
273
271
319
423
470
346
511
210
367
1011
424
390
243
470
376
260
315
469
304
524
322
262
495
297
241
171
313
41
369
511
340
439
472
443
455
520
395
398
264
176
287
310
240
1461
1473
341
246
364
386
261
247
301
449
262
349
577
342
306
436
265
385
320
474
376
531
341
364
128
291
291
414
570
331
385
429
419
289
282
377
635
287
46
462
549
492
329
197
324
495
248
192
307
559
497
174
634
337
168
465
342
436
218
242
249
236
491
170
272
148
463
475
298
174
232
857
450
390
434
199
304
331
274
437
210
163
299
454
384
230
723
570
209
403
333
505
375
315
230
268
180
298
278
368
94
159
494
355
319
367
332
282
326
427
452
521
355
327
349
425
358
166
241
383
378
272
229
296
151
427
297
290
382
273
706
339
399
511
412
482
457
476
301
107
504
374
376
70
211
300
502
467
79
312
444
626
238
353
298
567
233
255
621
124
205
330
220
517
222
270
968
330
477
452
152
546
467
378
363
2054
467
345
405
406
485
